1 0 5 16
1 1 4 18
3 1 22 1
21 1 24 1
1 1 26 1
1 2 4 19
21 2 23 6
1 3 4 20
21 3 24 1
23 3 25 1
22 3 26 2
21 3 28 2
1 4 3 20
3 4 23 2
21 4 25 6
1 5 3 27
3 5 30 1
1 6 3 27
1 7 2 29
1 8 2 30
3 8 32 1
1 9 2 27
4 9 29 3
3 9 32 1
1 10 2 1
4 10 3 1
1 10 4 24
21 10 28 1
4 10 29 1
21 10 30 3
1 10 33 2
1 11 2 1
4 11 3 2
1 11 5 22
21 11 27 1
4 11 28 2
21 11 30 1
22 11 31 1
24 11 32 1
21 11 33 1
1 11 34 1
1 12 2 1
4 12 3 1
1 12 4 24
4 12 28 1
21 12 29 1
22 12 30 1
24 12 31 1
23 12 32 1
21 12 33 1
1 12 34 1
1 13 1 2
4 13 3 1
1 13 4 24
4 13 28 1
21 13 29 1
22 13 30 1
23 13 31 1
22 13 32 1
21 13 33 1
1 13 34 1
1 14 1 1
4 14 2 2
1 14 4 24
4 14 28 1
1 14 29 1
21 14 30 1
22 14 31 2
21 14 33 2
1 14 35 1
4 15 1 2
21 15 3 2
1 15 5 23
4 15 28 2
1 15 30 1
21 15 31 4
1 16 1 1
4 16 2 1
21 16 3 5
1 16 8 21
4 16 29 3
3 16 32 4
1 17 1 1
4 17 2 1
21 17 3 2
23 17 5 1
22 17 6 1
21 17 7 1
1 17 8 19
21 17 27 1
1 17 28 3
4 17 31 1
3 17 32 4
4 18 2 2
21 18 4 4
1 18 8 17
21 18 25 1
22 18 26 2
21 18 28 1
1 18 29 2
4 18 31 1
3 18 32 4
1 19 2 1
4 19 3 3
21 19 6 2
1 19 8 16
21 19 24 2
23 19 26 1
24 19 27 1
23 19 28 1
21 19 29 1
1 19 30 1
4 19 31 1
3 19 32 3
1 20 2 2
4 20 4 4
1 20 8 17 
21 20 25 2
22 20 27 1
23 20 28 1
21 20 29 1
1 20 30 1
4 20 31 2
3 20 33 2
1 21 3 1
4 21 4 2
1 21 6 1 
4 21 7 2
1 21 9 16
5 21 25 2 
21 21 27 2
5 21 29 1 
1 21 30 2
4 21 32 2
1 22 6 2
4 22 8 1
1 22 9 17
5 22 26 4
1 22 30 1
4 22 31 3
4 23 8 1
1 23 9 22
4 23 31 3
1 24 10 21
4 24 31 2
1 25 10 22 
4 25 32 1
1 26 13 19
1 27 14 18