# 1 25
1 4 11 17
2 36 27
3 38 27
4 38 27
5 38 28
6 39 28
7 39 27
8 39
9 39
10 39
11 39
12 38
13 38
14 38
15 38 27
16 38 27
17 38 27
18 38 28
19 38 28
20 38 28
21 37 28
22 37 28
23 36
24 33
25 32
# 2 25
1 0 1 2 3 4 8 9 10 11 14 15 16 17
2 5 6 7 12 13 18 19 20 21 22 23 24 25 26 27 29 30 31 32 33 34 35 36
3 0 37 38
4
5 28
6 39
7
8 29
9
10 1
11
12 30
13 29
14
15
16
17
18 28
19
20
21
22
23
24
25 3
# 3 25
1 0 8 14
2 1 29
3 0 29
4 1 30
5 2 30
6 2 30
7 2 30
8 2 29
9 2 31
10 1 31
11 1 31
12 1 30
13 1 29
14 1 29
15 2 29
16 2 32
17 2 32
18 2 32
19 3 33
20 4 33
21 4 33
22 4 33
23 4 33
24 4 33
25 3
# 4 25
1 0
2
3 0 29
4 1
5
6 28
7
8 29 30
9
10
11 39
12
13
14 1
15 29 30 31
16
17
18 2
19 3 32
20 38
21
22 37
23 34 35 36
24 33
25 3 4 5 6 7 8