4 1 0 5
4 1 8 2
1 1 10 2
4 1 14 4
5 1 28 1
4 2 1 9
1 2 10 3
4 2 13 6
3 2 19 5
1 2 24 4
5 2 28 1
3 2 29 4
4 2 33 4
4 3 0 10
1 3 10 3
4 3 13 6
3 3 19 5
1 3 24 4
5 3 28 1
3 3 29 4
4 3 33 6
4 4 1 8
1 4 9 4
4 4 13 5
1 4 18 2
3 4 20 4
1 4 24 4
5 4 28 2
1 4 30 5
4 4 35 4
4 5 2 6
1 5 8 6
4 5 14 4
1 5 18 11
5 5 29 1
1 5 30 7
4 5 37 2
4 6 2 5
1 6 7 22
5 6 29 1
1 6 30 10
4 7 2 1
1 7 3 25
5 7 28 2
1 7 30 10
4 8 2 1
1 8 3 23
2 8 26 2
5 8 28 1
1 8 29 11
3 9 2 2
1 9 4 2
2 9 6 3
1 9 9 9
2 9 18 3
1 9 21 4
2 9 25 3
5 9 28 3
1 9 31 9
3 10 1 3
1 10 4 1
2 10 5 5
1 10 10 7
2 10 17 5
1 10 22 3
2 10 25 4
5 10 29 2
4 10 31 1
1 10 32 8
3 11 1 2
1 11 3 13
2 11 16 7
1 11 23 2
2 11 25 4
5 11 29 2
4 11 31 5
1 11 36 4
3 12 1 2
1 12 3 13
2 12 16 7
1 12 23 2
2 12 25 3
5 12 28 2
4 12 30 7
1 12 37 2
3 13 1 2
1 13 3 13
2 13 16 7
1 13 23 2
2 13 25 3
5 13 28 1
4 13 29 9
1 13 38 1
3 14 1 2
1 14 3 13
3 14 16 4
2 14 20 3
1 14 23 3
2 14 26 2
5 14 28 1
4 14 29 10
1 15 2 14
3 15 16 6
1 15 22 6
5 15 28 1
4 15 29 10
1 16 2 13
3 16 15 7
1 16 22 6
5 16 28 4
4 16 32 7
1 17 2 7
3 17 9 3
1 17 12 2
3 17 14 8
1 17 22 6
5 17 28 4
4 17 32 7
1 18 2 5
3 18 7 15
1 18 22 7
5 18 29 3
4 18 32 7
1 19 3 2
3 19 5 10
2 19 15 4
3 19 19 3
1 19 22 7
5 19 29 4
4 19 33 6
1 20 4 1
3 20 5 9
2 20 14 6
3 20 20 2
1 20 22 7
5 20 29 4
4 20 33 6
3 21 4 9
2 21 13 10
1 21 23 6
5 21 29 4
4 21 33 5
3 22 4 8
2 22 12 12
1 22 24 5
5 22 29 4
4 22 33 5
3 23 4 7
2 23 11 18
5 23 29 4
4 23 33 4
3 24 4 6
2 24 10 10
5 24 29 4
4 24 33 1
3 25 3 6
2 25 9 7
5 25 29 4
